5.246251541963768000e-02
7.791547317558853436e-01
7.185096945137270374e-01
-2.193245230058523898e+00
-1.960526316352348752e+00
1.027755141709955966e+00
3.334184156802106003e+00
3.830354943409314927e+00
2.704687063360830646e+00
9.560785517209885453e-02
-3.822954644658582701e-01
-9.597261751421667375e-01
-8.903429781109536423e-01
-7.153876078530665428e-01
1.834563037663283769e+00
2.930722027011871123e-01
-1.071365952025438828e+00
1.545519771309905144e+00
-2.657900840641210127e+00
1.356493766519094368e+00
2.228311866253188445e+00
2.114144218021564825e+00
1.837615301951037949e+00
1.789276663903518472e+00
8.796489220558714184e-01
-5.057152504038771035e-01
-3.495932667991505371e-01
2.972331904371428468e+00
2.514175053514858593e+00
-2.378274242011346296e+00
1.034561829162570001e+00
9.713805489245848079e-01
1.189314163593163443e+00
4.063127188936244139e-01
-9.754127487121535545e-01
-4.540653354484785464e-01
6.295117409096138150e-01
7.904035085964609131e-01
1.221952191533924426e+00
1.708459065095693674e+00
3.498685663005229873e+00
-2.440734509175149558e+00
-8.406779818427914108e-01
2.287298105156366557e+00
-2.053310932064000394e+00
-3.524805294860937077e-01
-1.297060642746132419e+00
2.292385757865466056e-01
1.101583433717145732e+00
9.073273674799465782e-01
3.235241766097512323e-02
2.766456054853409507e-01
-2.156743824659332454e+00
5.957091871839899078e-01
1.244284276432149117e+00
-3.988870333876267882e+00
-1.133059239809279140e+00
3.318297838400527500e+00
1.077764679182184604e-01
1.578305459806326416e+00
4.999478627608127668e-01
1.839822446251767163e+00
-7.667719977853216795e-01
4.791440984989804863e-01
8.691822456901127092e-01
5.059718157926503146e+00
3.804169649361435201e+00
4.371312196379724679e-01
-3.844140635049225985e+00
-2.349184837230988698e+00
-2.225517968763480070e+00
-1.325498093253073773e+00
-8.162958778027305448e-03
1.062705581313355241e+00
6.397007492150359464e-01
-1.786357608909377115e+00
-1.057562291879668548e+00
3.174590535033875671e+00
-3.560285206140135106e+00
1.460589225921552048e+00
-3.244432037081803055e-01
-1.820858742871658276e+00
-2.836367541916309243e-01
-2.340920872958902610e+00
-2.540848115042770416e+00
-2.972477071184018715e+00
-2.327816860387496578e-01
-5.794085489153723012e-01
-2.561462606868166514e+00
-5.311384149897233620e+00
9.796645057113446686e-01
2.503407847279140452e-01
5.539286866089200290e-01
-9.301433011058261036e-01
-3.641575621686412578e-01
2.277061567607869375e+00
8.936381894447256169e-01
1.161718617482941224e-01
4.531532969900924773e-02
-6.483593701072710713e-01
-1.338189104376475091e+00
-6.364635595284155123e+00
5.111638849656588990e-01
8.428037662728693036e+00
-5.477421549835517212e+00
3.123572173302976651e+00
1.107859417527645274e+00
1.909985688081334398e+00
-1.637743488829532523e-01
-2.175638210210932566e-01
-2.893712374713456548e+00
-1.634400880480172402e+00
-4.918558985255738203e-01
-1.639500728725179768e-01
-6.088122833736137052e-01
-1.486208630919373608e+00
1.561886579235253647e+00
2.845538400478181185e+00
-1.339964760430995216e+00
2.787671399304406661e-01
-4.418743817881134461e-01
2.248899852384213194e+00
-8.050234054631999481e-01
4.048174745959265408e-01
-7.278483374169799625e-01
5.636717462058838946e-01
-1.156990173487412621e+00
-1.008234395118136340e-01
-1.893515722343487750e+00
3.552106220939924008e-01
-1.534575820059720375e+00
-1.472957373314465634e+00
2.482477785379970658e-01
-6.086357472547103686e-01
-7.204756950411309591e-01
-5.422560697509130057e-01
-5.131856898722931826e-01
-5.747507192936370801e-01
-6.752598435440846369e-01
-2.628119113762431014e-01
5.940326515683335140e-01
-3.275103999340343019e-01
1.032006651295110267e+00
-1.033066902020406186e+00
9.193862009625913823e-01
8.838907602013778009e-01
3.518025556189480207e-01
-7.983422369790872664e-02
-4.321814966884068299e-01
-2.092447846354116570e-01
2.621501115915679803e-01
4.092690785555634647e-02
9.164041068618410391e-01
-5.953140581817476518e-01
4.643761083385251065e-01
7.702588452918771589e-01
-3.886600883801697215e+00
-6.300265923125354384e-01
-1.437894801479471241e+00
-1.617644797359228059e+00
-1.513345415449959042e+00
-4.026783933355020939e-01
2.593902725078834348e-01
1.847297470510536610e-01
-5.198531663454478147e-02
-2.904998415015063173e-01
-8.273628468683996706e-01
-1.289326226872006265e+00
-1.731282303292463798e+00
-8.793237900257286910e-01
-2.745561664436051985e-01
-7.279946662976881366e-02
4.642843916425061779e-01
3.906042119125374690e-01
9.649858286111259176e-01
8.355252801006504138e-01
7.885159455670457396e-01
-8.735491677805786725e-01
6.689263747140569150e-01
-3.574161196480229452e-01
6.893736397839743402e-02
1.472668334634940512e+00
-3.178422289515155708e+00
-6.877575549396051091e-01
-5.846996290180535016e-01
-2.606567181493096297e-01
-1.203247682643196370e+00
-2.884312274915065699e-01
1.451230299299340332e-01
1.511101664558866520e-01
5.246251541963768000e-02
7.791547317558853436e-01
7.185096945137270374e-01
-2.193245230058523898e+00
-1.960526316352348752e+00
1.027755141709955966e+00
3.334184156802106003e+00
3.830354943409314927e+00
2.704687063360830646e+00
9.560785517209885453e-02
-3.822954644658582701e-01
-9.597261751421667375e-01
-8.903429781109536423e-01
-7.153876078530665428e-01
1.834563037663283769e+00
2.930722027011871123e-01
-1.071365952025438828e+00
1.545519771309905144e+00
-2.657900840641210127e+00
1.356493766519094368e+00
2.228311866253188445e+00
2.114144218021564825e+00
1.837615301951037949e+00
1.789276663903518472e+00
8.796489220558714184e-01
-5.057152504038771035e-01
-3.495932667991505371e-01
2.972331904371428468e+00
2.514175053514858593e+00
-2.378274242011346296e+00
1.034561829162570001e+00
9.713805489245848079e-01
1.189314163593163443e+00
4.063127188936244139e-01
-9.754127487121535545e-01
-4.540653354484785464e-01
6.295117409096138150e-01
7.904035085964609131e-01
1.221952191533924426e+00
1.708459065095693674e+00
3.498685663005229873e+00
-2.440734509175149558e+00
-8.406779818427914108e-01
2.287298105156366557e+00
-2.053310932064000394e+00
-3.524805294860937077e-01
-1.297060642746132419e+00
2.292385757865466056e-01
1.101583433717145732e+00
9.073273674799465782e-01
3.235241766097512323e-02
2.766456054853409507e-01
-2.156743824659332454e+00
5.957091871839899078e-01
1.244284276432149117e+00
-3.988870333876267882e+00
-1.133059239809279140e+00
3.318297838400527500e+00
1.077764679182184604e-01
1.578305459806326416e+00
4.999478627608127668e-01
1.839822446251767163e+00
-7.667719977853216795e-01
4.791440984989804863e-01
8.691822456901127092e-01
5.059718157926503146e+00
3.804169649361435201e+00
4.371312196379724679e-01
-3.844140635049225985e+00
-2.349184837230988698e+00
-2.225517968763480070e+00
-1.325498093253073773e+00
-8.162958778027305448e-03
1.062705581313355241e+00
6.397007492150359464e-01
-1.786357608909377115e+00
-1.057562291879668548e+00
3.174590535033875671e+00
-3.560285206140135106e+00
1.460589225921552048e+00
-3.244432037081803055e-01
-1.820858742871658276e+00
-2.836367541916309243e-01
-2.340920872958902610e+00
-2.540848115042770416e+00
-2.972477071184018715e+00
-2.327816860387496578e-01
-5.794085489153723012e-01
-2.561462606868166514e+00
-5.311384149897233620e+00
9.796645057113446686e-01
2.503407847279140452e-01
5.539286866089200290e-01
-9.301433011058261036e-01
-3.641575621686412578e-01
2.277061567607869375e+00
8.936381894447256169e-01
1.161718617482941224e-01
4.531532969900924773e-02
-6.483593701072710713e-01
-1.338189104376475091e+00
-6.364635595284155123e+00
5.111638849656588990e-01
8.428037662728693036e+00
-5.477421549835517212e+00
3.123572173302976651e+00
1.107859417527645274e+00
1.909985688081334398e+00
-1.637743488829532523e-01
-2.175638210210932566e-01
-2.893712374713456548e+00
-1.634400880480172402e+00
-4.918558985255738203e-01
-1.639500728725179768e-01
-6.088122833736137052e-01
-1.486208630919373608e+00
1.561886579235253647e+00
2.845538400478181185e+00
-1.339964760430995216e+00
2.787671399304406661e-01
-4.418743817881134461e-01
2.248899852384213194e+00
-8.050234054631999481e-01
4.048174745959265408e-01
-7.278483374169799625e-01
5.636717462058838946e-01
-1.156990173487412621e+00
-1.008234395118136340e-01
-1.893515722343487750e+00
3.552106220939924008e-01
-1.534575820059720375e+00
-1.472957373314465634e+00
2.482477785379970658e-01
-6.086357472547103686e-01
-7.204756950411309591e-01
-5.422560697509130057e-01
-5.131856898722931826e-01
-5.747507192936370801e-01
-6.752598435440846369e-01
-2.628119113762431014e-01
5.940326515683335140e-01
-3.275103999340343019e-01
1.032006651295110267e+00
-1.033066902020406186e+00
9.193862009625913823e-01
8.838907602013778009e-01
3.518025556189480207e-01
-7.983422369790872664e-02
-4.321814966884068299e-01
-2.092447846354116570e-01
2.621501115915679803e-01
4.092690785555634647e-02
9.164041068618410391e-01
-5.953140581817476518e-01
4.643761083385251065e-01
7.702588452918771589e-01
-3.886600883801697215e+00
-6.300265923125354384e-01
-1.437894801479471241e+00
-1.617644797359228059e+00
-1.513345415449959042e+00
-4.026783933355020939e-01
2.593902725078834348e-01
1.847297470510536610e-01
-5.198531663454478147e-02
-2.904998415015063173e-01
-8.273628468683996706e-01
-1.289326226872006265e+00
-1.731282303292463798e+00
-8.793237900257286910e-01
-2.745561664436051985e-01
-7.279946662976881366e-02
4.642843916425061779e-01
3.906042119125374690e-01
9.649858286111259176e-01
8.355252801006504138e-01
7.885159455670457396e-01
-8.735491677805786725e-01
6.689263747140569150e-01
-3.574161196480229452e-01
6.893736397839743402e-02
1.472668334634940512e+00
-3.178422289515155708e+00
-6.877575549396051091e-01
-5.846996290180535016e-01
-2.606567181493096297e-01
-1.203247682643196370e+00
-2.884312274915065699e-01
1.451230299299340332e-01
1.511101664558866520e-01
5.246251541963768000e-02
7.791547317558853436e-01
7.185096945137270374e-01
-2.193245230058523898e+00
-1.960526316352348752e+00
1.027755141709955966e+00
3.334184156802106003e+00
3.830354943409314927e+00
2.704687063360830646e+00
9.560785517209885453e-02
-3.822954644658582701e-01
-9.597261751421667375e-01
-8.903429781109536423e-01
-7.153876078530665428e-01
1.834563037663283769e+00
2.930722027011871123e-01
-1.071365952025438828e+00
1.545519771309905144e+00
-2.657900840641210127e+00
1.356493766519094368e+00
2.228311866253188445e+00
2.114144218021564825e+00
1.837615301951037949e+00
1.789276663903518472e+00
8.796489220558714184e-01
-5.057152504038771035e-01
-3.495932667991505371e-01
2.972331904371428468e+00
2.514175053514858593e+00
-2.378274242011346296e+00
1.034561829162570001e+00
9.713805489245848079e-01
1.189314163593163443e+00
4.063127188936244139e-01
-9.754127487121535545e-01
-4.540653354484785464e-01
6.295117409096138150e-01
7.904035085964609131e-01
1.221952191533924426e+00
1.708459065095693674e+00
3.498685663005229873e+00
-2.440734509175149558e+00
-8.406779818427914108e-01
2.287298105156366557e+00
-2.053310932064000394e+00
-3.524805294860937077e-01
-1.297060642746132419e+00
2.292385757865466056e-01
1.101583433717145732e+00
9.073273674799465782e-01
3.235241766097512323e-02
2.766456054853409507e-01
-2.156743824659332454e+00
5.957091871839899078e-01
1.244284276432149117e+00
-3.988870333876267882e+00
-1.133059239809279140e+00
3.318297838400527500e+00
1.077764679182184604e-01
1.578305459806326416e+00
4.999478627608127668e-01
1.839822446251767163e+00
-7.667719977853216795e-01
4.791440984989804863e-01
8.691822456901127092e-01
5.059718157926503146e+00
3.804169649361435201e+00
4.371312196379724679e-01
-3.844140635049225985e+00
-2.349184837230988698e+00
-2.225517968763480070e+00
-1.325498093253073773e+00
-8.162958778027305448e-03
1.062705581313355241e+00
6.397007492150359464e-01
-1.786357608909377115e+00
-1.057562291879668548e+00
3.174590535033875671e+00
-3.560285206140135106e+00
1.460589225921552048e+00
-3.244432037081803055e-01
-1.820858742871658276e+00
-2.836367541916309243e-01
-2.340920872958902610e+00
-2.540848115042770416e+00
-2.972477071184018715e+00
-2.327816860387496578e-01
-5.794085489153723012e-01
-2.561462606868166514e+00
-5.311384149897233620e+00
9.796645057113446686e-01
2.503407847279140452e-01
5.539286866089200290e-01
-9.301433011058261036e-01
-3.641575621686412578e-01
2.277061567607869375e+00
8.936381894447256169e-01
1.161718617482941224e-01
4.531532969900924773e-02
-6.483593701072710713e-01
-1.338189104376475091e+00
-6.364635595284155123e+00
5.111638849656588990e-01
8.428037662728693036e+00
-5.477421549835517212e+00
3.123572173302976651e+00
1.107859417527645274e+00
1.909985688081334398e+00
-1.637743488829532523e-01
-2.175638210210932566e-01
-2.893712374713456548e+00
-1.634400880480172402e+00
-4.918558985255738203e-01
-1.639500728725179768e-01
-6.088122833736137052e-01
-1.486208630919373608e+00
1.561886579235253647e+00
2.845538400478181185e+00
-1.339964760430995216e+00
2.787671399304406661e-01
-4.418743817881134461e-01
2.248899852384213194e+00
-8.050234054631999481e-01
4.048174745959265408e-01
-7.278483374169799625e-01
5.636717462058838946e-01
-1.156990173487412621e+00
-1.008234395118136340e-01
-1.893515722343487750e+00
3.552106220939924008e-01
-1.534575820059720375e+00
-1.472957373314465634e+00
2.482477785379970658e-01
-6.086357472547103686e-01
-7.204756950411309591e-01
-5.422560697509130057e-01
-5.131856898722931826e-01
-5.747507192936370801e-01
-6.752598435440846369e-01
-2.628119113762431014e-01
5.940326515683335140e-01
-3.275103999340343019e-01
1.032006651295110267e+00
-1.033066902020406186e+00
9.193862009625913823e-01
8.838907602013778009e-01
3.518025556189480207e-01
-7.983422369790872664e-02
-4.321814966884068299e-01
-2.092447846354116570e-01
2.621501115915679803e-01
4.092690785555634647e-02
9.164041068618410391e-01
-5.953140581817476518e-01
4.643761083385251065e-01
7.702588452918771589e-01
-3.886600883801697215e+00
-6.300265923125354384e-01
-1.437894801479471241e+00
-1.617644797359228059e+00
-1.513345415449959042e+00
-4.026783933355020939e-01
2.593902725078834348e-01
1.847297470510536610e-01
-5.198531663454478147e-02
-2.904998415015063173e-01
-8.273628468683996706e-01
-1.289326226872006265e+00
-1.731282303292463798e+00
-8.793237900257286910e-01
-2.745561664436051985e-01
-7.279946662976881366e-02
4.642843916425061779e-01
3.906042119125374690e-01
9.649858286111259176e-01
8.355252801006504138e-01
7.885159455670457396e-01
-8.735491677805786725e-01
6.689263747140569150e-01
-3.574161196480229452e-01
6.893736397839743402e-02
1.472668334634940512e+00
-3.178422289515155708e+00
-6.877575549396051091e-01
-5.846996290180535016e-01
-2.606567181493096297e-01
-1.203247682643196370e+00
-2.884312274915065699e-01
1.451230299299340332e-01
1.511101664558866520e-01
5.246251541963768000e-02
7.791948087510286447e-01
7.179013858948665172e-01
-2.193381028740636118e+00
-1.956224709433211473e+00
1.036703507957010162e+00
3.334095841753486056e+00
3.848395754927046664e+00
2.693894883066422441e+00
8.263921265883766853e-02
-4.498591754929280317e-01
-9.516703944609193888e-01
-9.159610639849632419e-01
-7.473809950895842213e-01
1.864116135650009554e+00
1.035098129240289155e-01
-1.120302937033023083e+00
1.606945524963606209e+00
-2.665390767150080276e+00
1.426084018062455661e+00
2.502156653517686458e+00
2.248923770353921991e+00
2.001919668014086273e+00
1.999216121929485723e+00
8.902719055188025310e-01
-7.040538080351989025e-01
4.531368312373271201e-01
2.399294464813269911e+00
2.251907200293723488e+00
-2.347010440629240691e+00
8.559229177972430547e-01
4.151376374375638778e-01
1.208745787839616836e+00
2.601304735843176230e-01
-1.111995644113052739e+00
-4.927390808184578530e-01
5.426664410282104889e-01
-5.369157009984034667e-01
2.521841551619718569e+00
1.760344172408737196e+00
2.102276259279777459e+00
-2.134103851820255748e+00
-9.980503284664362651e-01
2.669225606639547443e+00
-1.933441884784858011e+00
5.601084834242920918e-01
-1.078120687455259796e+00
1.844911375221204741e+00
1.441831511713558278e+00
4.345769510619907905e-01
7.756009970285362431e-01
-1.377079598576009145e+00
1.925987669322743123e+00
-1.292688054423282829e+00
-7.348314502548352056e-01
-4.318820673886574646e+00
-1.033590236690382858e+00
3.391677402332106794e+00
3.287046645363766451e-01
1.754704074182858342e+00
3.706023409251388984e-02
-5.935293768037122053e-01
-6.993951190583298505e-01
3.723860375323428507e+00
-1.635028433246819457e+00
1.803832097200342988e+00
-1.893154853787015091e+00
3.566686647541747135e+00
-1.743388231000039479e+00
1.325004065259987707e+00
-2.006643174379913575e+00
1.192629870296195493e+00
-2.908624692377599907e-01
5.292441811306561661e+00
2.212616925708376314e+00
9.304178847604301694e+00
-5.976018519204485457e+00
-8.280287334641382557e+00
2.465059363370185164e+00
-2.852032255130652061e+00
-1.568609899574456845e-01
-3.866477880037705539e+00
4.282739574423626294e-01
-1.558647367917709747e+00
-6.389585333284890645e-01
-4.089282027050544777e-01
1.176988437586671488e+00
2.287300257385533608e-01
1.602918831072132955e+00
4.372188254137954644e+00
-1.370870045467148302e+00
-1.168077058985419692e+00
4.870711899920351584e+00
-1.865265920629021745e-01
3.922693222640142530e+00
2.321551992792737273e+00
1.393542116672913389e+00
1.310118902892335457e+00
2.254500553698423282e+00
-2.217850557340421414e-01
-6.904116335142581606e-01
3.564858742215818443e-01
-3.085233015078108765e-01
-1.284428150997455553e+00
1.969819177825691492e+00
2.425397434404044539e+00
2.476716820670375352e+00
3.285095133207037166e-01
-7.743647178223040939e-01
1.303818273694422381e+00
-7.325021932562091054e-02
5.485231509228406521e-01
1.129054658593980243e+00
2.454516332798287070e+00
9.639793460813241843e-01
-1.345075329777321915e+00
2.832728505437841715e+00
8.969308248834378938e-01
7.155134642172725767e-01
-7.197201662069221406e-01
2.448421056778660454e-01
2.066650377497664337e+00
1.063372534356648247e+00
-1.557472596354395611e+00
5.984371887090065290e-01
4.906233971692057216e-01
1.269177501988715262e-01
4.487347340767940396e-01
3.421412815990508838e-01
-1.444887163533483010e+00
-4.554251530370986845e-02
-8.982336074758167088e-01
1.478621223262534423e+00
-3.314294997112651187e-01
3.730900994585519825e-01
-9.748862003304331614e-01
-1.177331580312534154e+00
1.379554651864487669e+00
-3.841568258418975312e-01
1.861873134772741301e-01
1.803328573888462738e-01
3.034862718860803499e-01
-2.536666526349805606e-01
4.604555541289273024e-01
1.508725295543380751e+00
2.609248684722075828e-01
-8.677768635352274273e-01
-6.543387700657052330e-02
-1.975827295665024019e+00
-1.136523158998764688e-01
1.050352388129974113e+00
-9.801871273664960471e-01
1.115690773939760350e+00
1.408063546301046909e+00
6.290857421371300884e-01
1.933601781847077983e-01
3.071246550122058716e-01
-9.423576895961698341e-01
-6.063306764355965578e-02
-5.475594583616014699e-01
1.642636513149908495e-01
-7.817991933883393640e-01
1.272898719860090511e+00
-1.128384441467613630e+00
-9.814247388690262586e-01
1.574709186233393288e+00
-2.485279782793255732e-01
-3.772028317090970972e+00
-9.086226137646549184e-01
-6.920193451341469792e-01
-7.730714874511229739e-01
2.260706688902775485e-01
-8.923274110666478132e-01
3.031899727221620822e-01
-5.102917068027068570e-01
5.221738297422744424e-01
-1.642011362859726820e+00
2.374479966476697790e+00
1.454232340150010794e+00
-4.424364038733084037e-01
1.041495105134514265e+00
-3.423235637770145168e+00
3.859323249278606927e+00
7.769521299928782154e-01
-6.723068287021229938e-01
-1.591626315022885318e+00
-7.794504286166679119e-01
-1.301100065215177626e+00
7.640270984620531891e-01
4.873963335935290186e-01
1.810616982108135042e+00
-2.851274017287224183e+00
-8.476464132526182471e-01
1.617978190103869007e+00
-3.724224377870840597e-01
1.030252532508544316e+00
-1.720675140109760026e-01
1.722869843898691133e+00
9.026613330151456172e-01
3.520462972507846233e-01
-1.780476701999923250e+00
-9.595560570253025556e-01
-3.303613284635030123e+00
-4.860011861239731945e-01
-7.712682577907775672e-01
8.255981718329802987e+00
1.156112491553505484e+00
-7.694740484038342654e-01
1.692054040676854498e+00
6.829987969873283493e-01
8.843420547328188774e-02
-2.105504963093198650e-02
-1.542994824516282226e-01
1.297300167511446223e-01
-1.236075650898326606e+00
-1.482432666672081734e+00
-1.750320824451254031e+00
-2.045880261874977180e+00
-2.921745471644301873e+00
6.374751805245859160e+00
-3.661649789699149005e-01
-1.878373130995736329e+00
2.451916828777496449e-01
-9.694904342254976326e-01
1.482463856049427653e+00
-8.664982793139913708e-01
1.872366802986457635e-01
-1.345913174323986494e+00
2.512048297422992960e+00
1.068068808164248651e+00
1.769344827339765780e-01
1.187925411405090337e+00
8.246521804115705123e-01
-1.769449735157869741e+00
-7.415183845622768111e-01
1.578732818039028929e-01
7.418098742687361247e-01
1.140552853247316145e+00
-6.785315998126720816e-01
-1.229240317883833616e-01
-1.767272752787819590e-01
-1.311652913878799342e+00
1.412687850918396215e+00
-5.955805165955726510e-01
-2.231265059008550988e+00
-1.041199840105517804e+00
-9.815934449725098598e-02
2.413553028288474067e+00
1.663633131179159008e+00
1.448399921768052323e+00
-3.987320408153138263e-01
-8.294173754902061102e-01
8.526879493954387934e-01
1.855216785275608071e+00
-1.408076736318768507e+00
8.673183241733068982e-01
-2.615436470723341955e+00
3.393594101354674653e+00
7.598186371872033273e-01
-9.517826037522982840e-01
-1.295323323998486931e+00
3.026086827879766461e-01
5.709365467253854076e-01
4.910018322507223587e+00
4.354557762171034518e+00
8.980847833181957895e+00
-6.678529018232360670e+00
-7.446588583419044838e+00
3.086975276955614245e+00
-2.470969909733662817e+00
4.578019882583040934e-01
-3.192061589345547290e+00
-8.924665777982828674e-01
-4.299656082835852655e-01
-2.245280802013744498e-02
5.256995602287037883e-01
9.859458647536719633e-01
1.039692929965674528e+00
-5.808603917853330523e-02
4.473838485141831356e+00
-9.922925599392482532e-01
-2.183547664528076915e+00
3.569277651730371037e+00
5.100704113769618520e-01
2.739463421610471627e+00
1.210600928442508550e+00
2.188429022450153916e+00
4.687271539058543990e-01
2.632857686070406711e+00
-2.224431467294305520e-01
2.408728252241507106e-01
7.898003404096601843e-01
1.735891793190126098e+00
-1.477758335916354415e+00
1.102252364315647215e+00
3.310274141280189042e+00
2.946732954188838516e+00
5.822907510131337672e-01
-6.418997503736206811e-01
6.269816075467237182e-01
2.526450324200620878e-01
1.126959774271227621e+00
8.363187224991558422e-01
3.064598169961881169e+00
1.025537536720734888e+00
-1.139494798240199724e+00
6.571207094450536301e-01
1.770235948065829401e+00
2.085629817850997159e-01
1.472874080576773714e-01
1.107275502514738497e+00
-1.073345435796652758e+00
2.071288890448244935e+00
-7.748584195190040269e-01
1.384890949088993573e+00
5.430233532601311808e-01
7.942761467831177535e-01
3.087778356504626287e-01
5.660520417529275594e-01
-1.321616115273269498e+00
9.797995553116768397e-01
-1.291665464336401614e+00
6.127995942327866263e-01
8.457342525725618232e-02
7.174210451886658957e-01
-8.521969823939972155e-01
-7.446868404025984711e-01
1.293455272947578116e+00
-3.518011411931488142e-01
1.929035765469175601e-01
2.285817230154320312e-01
2.856191498317343092e-01
-5.004561411219010658e-01
2.888172656211412948e-01
8.581932058881079906e-01
4.490206377481602007e-01
-8.453878525403688560e-01
-4.478005234701515347e-01
-1.136001067938327891e+00
6.062910541522265051e-01
1.373196623143902340e+00
-7.510374682555911452e-01
1.263743978252209299e+00
1.540874874875143075e+00
7.297353535150624682e-01
4.180792475285052268e-01
6.120185562559175008e-01
-1.104279738018907775e+00
-1.075176016727886763e+00
-2.123523690026622376e-02
1.742223155072135099e-01
-7.044723726271611142e-01
1.159657595423907006e+00
-1.232958988636969844e+00
-9.139952975945729863e-01
1.606168448409353466e+00
-2.149149143055132938e-01
-3.766543032371781230e+00
-9.024708317529380741e-01
-6.793069351639892117e-01
-8.340757730298834494e-01
2.456795637516951958e-01
-8.532240196646601049e-01
2.741068184538001939e-01
-5.205195770962632862e-01
4.991246481418320502e-01
-1.618634611985939831e+00
2.380891224694506203e+00
1.445632311930530101e+00
-4.411694661515148108e-01
1.031815809223177727e+00
-3.426877800461405332e+00
3.857667804928686550e+00
7.775170429304243402e-01
-6.898303157864290602e-01
-1.586665003392429441e+00
-7.795974044694556904e-01
-1.301643919801303229e+00
7.640922095835895878e-01
4.874402654020959513e-01
1.810616982108135042e+00
-2.851274017287224183e+00
-8.476464132526182471e-01
1.617978190103869007e+00
-3.724224377870840597e-01
1.030252532508544316e+00
-1.720675140109760026e-01
1.722869843898691133e+00
9.026613330151456172e-01
3.520462972507846233e-01
-1.780476701999923250e+00
-9.595560570253025556e-01
-3.303613284635030123e+00
-4.860011861239731945e-01
-7.712682577907775672e-01
8.255981718329802987e+00
1.156112491553505484e+00
-7.694740484038342654e-01
1.692054040676854498e+00
6.829987969873283493e-01
8.843420547328188774e-02
-2.105504963093198650e-02
-1.542994824516282226e-01
1.297300167511446223e-01
-1.236075650898326606e+00
-1.482432666672081734e+00
-1.750320824451254031e+00
-2.045880261874977180e+00
-2.921745471644301873e+00
6.374751805245859160e+00
-3.661649789699149005e-01
-1.878373130995736329e+00
2.451916828777496449e-01
-9.694904342254976326e-01
1.482463856049427653e+00
-8.664982793139913708e-01
1.872366802986457635e-01
-1.345913174323986494e+00
2.512048297422992960e+00
1.068068808164248651e+00
1.769344827339765780e-01
1.187925411405090337e+00
8.246521804115705123e-01
-1.769449735157869741e+00
-7.415183845622768111e-01
1.578732818039028929e-01
7.418098742687361247e-01
1.140552853247316145e+00
-6.785315998126720816e-01
-1.229240317883833616e-01
-1.767272752787819590e-01
-1.311652913878799342e+00
1.412687850918396215e+00
-5.955805165955726510e-01
-2.231265059008550988e+00
-1.041199840105517804e+00
-9.815934449725098598e-02
2.413553028288474067e+00
1.663633131179159008e+00
1.448399921768052323e+00
-3.987320408153138263e-01
-8.294173754902061102e-01
8.526879493954387934e-01
1.855216785275608071e+00
-1.408076736318768507e+00
8.673183241733068982e-01
-2.615436470723341955e+00
3.393594101354674653e+00
7.598186371872033273e-01
-9.517826037522982840e-01
-1.295323323998486931e+00
3.026086827879766461e-01
5.709365467253854076e-01
4.910018322507223587e+00
4.354557762171034518e+00
8.980847833181957895e+00
-6.678529018232360670e+00
-7.446588583419044838e+00
3.086975276955614245e+00
-2.470969909733662817e+00
4.578019882583040934e-01
-3.192061589345547290e+00
-8.924665777982828674e-01
-4.299656082835852655e-01
-2.245280802013744498e-02
5.256995602287037883e-01
9.859458647536719633e-01
1.039692929965674528e+00
-5.808603917853330523e-02
4.473838485141831356e+00
-9.922925599392482532e-01
-2.183547664528076915e+00
3.569277651730371037e+00
5.100704113769618520e-01
2.739463421610471627e+00
1.210600928442508550e+00
2.188429022450153916e+00
4.687271539058543990e-01
2.632857686070406711e+00
-2.224431467294305520e-01
2.408728252241507106e-01
7.898003404096601843e-01
1.735891793190126098e+00
-1.477758335916354415e+00
1.102252364315647215e+00
3.310274141280189042e+00
2.946732954188838516e+00
5.822907510131337672e-01
-6.418997503736206811e-01
6.269816075467237182e-01
2.526450324200620878e-01
1.126959774271227621e+00
8.363187224991558422e-01
3.064598169961881169e+00
1.025537536720734888e+00
-1.139494798240199724e+00
6.571207094450536301e-01
1.770235948065829401e+00
2.085629817850997159e-01
1.472874080576773714e-01
1.107275502514738497e+00
-1.073345435796652758e+00
2.071288890448244935e+00
-7.748584195190040269e-01
1.384890949088993573e+00
5.430233532601311808e-01
7.942761467831177535e-01
3.087778356504626287e-01
5.660520417529275594e-01
-1.321616115273269498e+00
9.797995553116768397e-01
-1.291665464336401614e+00
6.127995942327866263e-01
8.457342525725618232e-02
7.174210451886658957e-01
-8.521969823939972155e-01
-7.446868404025984711e-01
1.293455272947578116e+00
-3.518011411931488142e-01
1.929035765469175601e-01
2.285817230154320312e-01
2.856191498317343092e-01
-5.004561411219010658e-01
2.888172656211412948e-01
8.581932058881079906e-01
4.490206377481602007e-01
-8.453878525403688560e-01
-4.478005234701515347e-01
-1.136001067938327891e+00
6.062910541522265051e-01
1.373196623143902340e+00
-7.510374682555911452e-01
1.263743978252209299e+00
1.540874874875143075e+00
7.297353535150624682e-01
4.180792475285052268e-01
6.120185562559175008e-01
-1.104279738018907775e+00
-1.075176016727886763e+00
-2.123523690026622376e-02
1.742223155072135099e-01
-7.044723726271611142e-01
1.159657595423907006e+00
-1.232958988636969844e+00
-9.139952975945729863e-01
1.606168448409353466e+00
-2.149149143055132938e-01
-3.766543032371781230e+00
-9.024708317529380741e-01
-6.793069351639892117e-01
-8.340757730298834494e-01
2.456795637516951958e-01
-8.532240196646601049e-01
2.741068184538001939e-01
-5.205195770962632862e-01
4.991246481418320502e-01
-1.618634611985939831e+00
2.380891224694506203e+00
1.445632311930530101e+00
-4.411694661515148108e-01
1.031815809223177727e+00
-3.426877800461405332e+00
3.857667804928686550e+00
7.775170429304243402e-01
-6.898303157864290602e-01
-1.586665003392429441e+00
-7.795974044694556904e-01
-1.301643919801303229e+00
7.640922095835895878e-01
4.874402654020959513e-01
1.810616982108135042e+00
-2.851274017287224183e+00
-8.476464132526182471e-01
1.617978190103869007e+00
-3.724224377870840597e-01
1.030252532508544316e+00
-1.720675140109760026e-01
1.722869843898691133e+00
9.026613330151456172e-01
3.520462972507846233e-01
-1.780476701999923250e+00
-9.595560570253025556e-01
-3.303613284635030123e+00
-4.860011861239731945e-01
-7.712682577907775672e-01
8.255981718329802987e+00
1.156112491553505484e+00
-7.694740484038342654e-01
1.692054040676854498e+00
6.829987969873283493e-01
8.843420547328188774e-02
-2.105504963093198650e-02
-1.542994824516282226e-01
1.297300167511446223e-01
-1.236075650898326606e+00
-1.482432666672081734e+00
-1.750320824451254031e+00
-2.045880261874977180e+00
-2.921745471644301873e+00
6.374751805245859160e+00
-3.661649789699149005e-01
-1.878373130995736329e+00
2.451916828777496449e-01
-9.694904342254976326e-01
1.482463856049427653e+00
-8.664982793139913708e-01
1.872366802986457635e-01
-1.345913174323986494e+00
2.512048297422992960e+00
1.068068808164248651e+00
1.769344827339765780e-01
1.187925411405090337e+00
8.246521804115705123e-01
-1.769449735157869741e+00
-7.415183845622768111e-01
1.578732818039028929e-01
7.418098742687361247e-01
1.140552853247316145e+00
-6.785315998126720816e-01
-1.229240317883833616e-01
-1.767272752787819590e-01
-1.311652913878799342e+00
1.412687850918396215e+00
-5.955805165955726510e-01
-2.231265059008550988e+00
-1.041199840105517804e+00
-9.815934449725098598e-02
2.413553028288474067e+00
1.663633131179159008e+00
1.448399921768052323e+00
-3.987320408153138263e-01
-8.294173754902061102e-01
8.526879493954387934e-01
1.855216785275608071e+00
-1.408076736318768507e+00
8.673183241733068982e-01
-2.615436470723341955e+00
3.393594101354674653e+00
7.598186371872033273e-01
-9.517826037522982840e-01
-1.295323323998486931e+00
3.026086827879766461e-01
5.709365467253854076e-01
4.910018322507223587e+00
4.354557762171034518e+00
8.980847833181957895e+00
-6.678529018232360670e+00
-7.446588583419044838e+00
3.086975276955614245e+00
-2.470969909733662817e+00
4.578019882583040934e-01
-3.192061589345547290e+00
-8.924665777982828674e-01
-4.299656082835852655e-01
-2.245280802013744498e-02
5.256995602287037883e-01
9.859458647536719633e-01
1.039692929965674528e+00
-5.808603917853330523e-02
4.473838485141831356e+00
-9.922925599392482532e-01
-2.183547664528076915e+00
3.569277651730371037e+00
5.100704113769618520e-01
2.739463421610471627e+00
1.210600928442508550e+00
2.188429022450153916e+00
4.687271539058543990e-01
2.632857686070406711e+00
-2.224431467294305520e-01
2.408728252241507106e-01
7.898003404096601843e-01
1.735891793190126098e+00
-1.477758335916354415e+00
1.102252364315647215e+00
3.310274141280189042e+00
2.946732954188838516e+00
5.822907510131337672e-01
-6.418997503736206811e-01
6.269816075467237182e-01
2.526450324200620878e-01
1.126959774271227621e+00
8.363187224991558422e-01
3.064598169961881169e+00
1.025537536720734888e+00
-1.139494798240199724e+00
6.571207094450536301e-01
1.770235948065829401e+00
2.085629817850997159e-01
1.472874080576773714e-01
1.107275502514738497e+00
-1.073345435796652758e+00
2.071288890448244935e+00
-7.748584195190040269e-01
1.384890949088993573e+00
5.430233532601311808e-01
7.942761467831177535e-01
3.087778356504626287e-01
5.660520417529275594e-01
-1.321616115273269498e+00
9.797995553116768397e-01
-1.291665464336401614e+00
6.127995942327866263e-01
8.457342525725618232e-02
7.174210451886658957e-01
-8.521969823939972155e-01
-7.446868404025984711e-01
1.293455272947578116e+00
-3.518011411931488142e-01
1.929035765469175601e-01
2.285817230154320312e-01
2.856191498317343092e-01
-5.004561411219010658e-01
2.888172656211412948e-01
8.581932058881079906e-01
4.490206377481602007e-01
-8.453878525403688560e-01
-4.478005234701515347e-01
-1.136001067938327891e+00
6.062910541522265051e-01
1.373196623143902340e+00
-7.510374682555911452e-01
1.263743978252209299e+00
1.540874874875143075e+00
7.297353535150624682e-01
4.180792475285052268e-01
6.120185562559175008e-01
-1.104279738018907775e+00
-1.075176016727886763e+00
-2.123523690026622376e-02
1.742223155072135099e-01
-7.044723726271611142e-01
1.159657595423907006e+00
-1.232958988636969844e+00
-9.139952975945729863e-01
1.606168448409353466e+00
-2.149149143055132938e-01
-3.766543032371781230e+00
-9.024708317529380741e-01
-6.793069351639892117e-01
-8.340757730298834494e-01
2.456795637516951958e-01
-8.532240196646601049e-01
2.741068184538001939e-01
-5.205195770962632862e-01
4.991246481418320502e-01
-1.618634611985939831e+00
2.380891224694506203e+00
1.445632311930530101e+00
-4.411694661515148108e-01
1.031815809223177727e+00
-3.426877800461405332e+00
3.857667804928686550e+00
7.775170429304243402e-01
-6.898303157864290602e-01
-1.586665003392429441e+00
-7.795974044694556904e-01
-1.301643919801303229e+00
7.640922095835895878e-01
4.874402654020959513e-01
1.810616982108135042e+00
-2.851472591779899535e+00
-8.477333302045504393e-01
1.615018150439367028e+00
-3.799452278575835562e-01
1.020578699378945631e+00
-1.630030361495662383e-01
1.719694431701276338e+00
9.436997374585328613e-01
3.897781195286284528e-01
-1.828174595238433842e+00
-1.030730855334803797e+00
-3.133921494552717846e+00
-4.273812557591815109e-01
-8.417966250354459445e-01
8.489418849454764882e+00
1.248167876062832082e+00
-7.343683290480618187e-01
1.738757769995936897e+00
4.788625373860256884e-01
-3.536229350689763101e-02
3.981769785216217328e-02
-8.414766828969574841e-02
1.348165994840468951e-01
-1.016321079919864756e+00
-1.395184699087988589e+00
-1.801109206851898792e+00
-1.644464939272963111e+00
-2.993169191068117740e+00
6.503385776443304067e+00
-2.614149797766140981e-01
-1.428947139861540094e+00
2.412308650993354453e-01
-7.019023355207478776e-01
2.038702307313147610e+00
-1.022086481235795041e+00
8.823409412324786927e-02
-9.104519061497942101e-01
1.294335974278004064e+00
5.220985526683345757e-02
1.071271771691479247e+00
1.380834564479108406e-01
-2.373523932524344848e-01
-2.845838093545485226e+00
-1.855278522649944861e+00
-1.747678224512849932e+00
4.931909798767278863e-01
-1.376149232485178731e+00
-2.427320492395839135e+00
-3.751226601555440965e+00
3.461485460053342234e+00
2.411563039732097735e+00
-2.913433897190432553e+00
1.518977407093113019e+00
-1.490029226043980248e+00
5.549528172737073772e-01
-9.135108708162310576e-01
1.167015620269771903e+00
-4.343308408818046806e-01
2.177249705139351121e+00
-1.991940958079876589e+00
-2.353597564516553220e+00
3.875912455345511543e-01
-2.670775174967427557e+00
7.208537269821847504e-01
2.052774701788259826e+00
-2.306831136747570454e+00
2.960753093070083608e+00
2.278791849131156511e+00
-1.040284311838020948e+00
-1.384907709103274653e+00
9.140536587015597458e-01
3.212953936557408352e-01
1.343859990309707930e+00
1.349820720143202868e+00
1.584977116206137238e+00
-1.627527961610318208e+00
5.109087879396331466e+00
-4.437961539079872786e+00
2.928529849401560359e+00
3.733211549406306951e+00
2.421338614794643629e+00
1.116632682467302073e+00
2.748543322193210958e+00
2.946783375197612909e+00
5.527359476942161010e+00
2.954892952325789857e+00
5.458913718950878291e+00
-5.255791840948423221e+00
-3.983670866119040976e+00
2.131097672002225440e+00
-5.039741029352546864e-01
7.596354670420594202e-01
2.067188162496957027e+00
1.611934131615377686e+00
8.268099943112713346e-01
1.544321547963647623e+00
5.335370779047592382e-01
1.942309130004109763e+00
9.914129014102256443e-01
4.645974445564205468e-01
3.064348401251941301e+00
7.128974273028358954e-01
1.323532372632137077e+00
-1.152655278889058943e+00
3.428952364706312927e+00
2.077712667457383144e+00
7.918109128767344407e-01
1.851061119409329048e-01
7.774171870103664395e-01
1.289247055387935159e+00
-6.388809683360956448e-01
-1.322825850723136965e+00
-7.419053335719743014e-01
-3.769379543582598857e-01
3.746403899232305101e-01
-1.727152499811408726e+00
2.811730408688139615e+00
-2.149802456213094348e-03
9.081249678553845461e-01
4.474727306545133176e-01
-7.156341203432339260e-01
9.664308052736949595e-01
1.191493834266808438e+00
9.260073339701302420e-01
7.526548653616533802e-01
5.988332897284214251e-01
7.495401358167926853e-01
-4.014534754725685994e-01
1.264134122611405564e+00
8.224220681902355556e-01
-7.003666754861092025e-01
6.056440749532474577e-01
1.050662372382206611e+00
-3.890870543681836380e-01
-4.611688890545770358e-01
6.747818285342828404e-02
5.054785320434843632e-01
4.433767831313030205e-01
1.592698416457238197e+00
-7.555552927063698132e-02
-1.591058693533067059e+00
6.016185867154912881e-01
-1.132740873575341922e+00
-6.335001498028302036e-01
7.461139484352901086e-01
-4.616318798405529833e-01
-5.129535189031080300e-01
7.428466859344430295e-01
-6.991913544978077544e-02
-2.919084402646511811e-01
-1.404235971762613167e+00
3.161129705043438931e-01
3.934389545629128349e-01
6.873470082996582242e-01
-2.193611642297499664e-01
-6.679329781154950130e-01
3.330690507771525977e-01
-1.881802324273721627e+00
2.574553778755468356e-02
-7.279229921095766720e-01
1.132316803667766658e+00
3.150901182679552437e-01
-2.615855162046218374e-01
1.288529323660417170e+00
3.209734232741517257e+00
1.199409662305302549e+00
-5.884149539456379197e-01
4.029641777953723580e-01
-9.523029924025091519e-01
2.396997907980948472e+00
1.302610634720804184e+00
6.069509819194234268e-01
1.757350152656175002e+00
1.200406440803001518e+00
-6.971048983154817802e-02
1.247023295764463358e+00
1.929707362023658668e+00
1.947547645158445917e+00
-8.249942333969055852e+00
1.305242282755143091e+00
1.289111281477441251e+00
-1.194139709245526232e-01
5.912290077618603812e-01
-3.018289198257264605e-01
1.747126584710009478e+00
1.296445790709401136e+00
7.631791962304116383e-01
3.739059277018275118e-02
3.424963227896230755e+00
2.631138049605586282e+00
3.566585658618465215e-02
1.412692205288903491e+00
-6.709968968438473347e+00
6.195399498553499917e-01
1.100941319783524941e+00
-1.233172482604982134e+00
2.652488446734967836e-02
9.323609871467207766e-01
-2.074928470402694625e-01
-1.568243521835133603e+00
-7.911259048779233360e-01
-1.815268435601846031e+00
-5.496970136125727269e-01
-3.917135466876897065e-01
-6.388573115058566732e-01
-1.686049897120434515e+00
2.925603804112115736e+00
-4.216733493421470413e+00
-1.564596031952468103e+00
-2.050225280703579678e+00
-7.076977209574130123e-01
-5.080517802622267487e-01
-7.562939858175803387e-01
-1.808447425017603916e+00
-3.077209373685327876e-01
2.768801056728778520e-01
4.089874700333759883e+00
1.225197592652989415e-01
-3.829132986501206370e-01
-1.763715260037283239e-01
-6.893784665193945782e-02
-1.567722883848756021e+00
-3.695305073383367001e-01
6.380057812420272256e-01
-5.904010632106193590e-01
-1.264300532375581154e+00
-1.859833600336199488e+00
-1.185645496882464442e-02
-3.946581997727475755e-01
-2.549486782225126036e-01
2.614635109450526240e+00
-6.709179483782460318e-01
-5.367196096268780359e-01
-1.684541729935614462e+00
-5.483785229007748230e-01
-4.578025305190027566e-02
-7.007582866100222629e-01
-1.289133033076326651e+00
-3.756919454134171055e+00
5.917570958913206169e+00
4.024938304210781581e+00
-1.110667948074181011e+00
6.433571589633069188e-01
-7.972851171931621961e-01
2.039464270616451191e-01
-1.860058540122183857e+00
1.121161220415541004e+00
-9.852800247757260710e-01
1.997610170149509479e+00
-1.918007318655613469e+00
-2.653272657749677244e+00
-1.351395516864782653e+00
-1.683744406508438374e+00
4.701248084003714633e-01
1.838886166823519908e+00
-2.192739479530219970e+00
2.227289154077675803e+00
-4.166405157611382526e-01
2.876095212876506046e-01
-2.347694814866748025e+00
1.200865102274786933e+00
-2.771870729730733229e-01
2.752665972253494520e+00
-2.478760911217845198e-01
1.795666636485627299e+00
-1.496440612751578136e+00
4.356195987142872816e+00
-4.784265705055351425e+00
4.361398349716861134e+00
4.155305111774683979e+00
2.386945838374468831e+00
2.908467765189149734e+00
2.673935595738111903e+00
2.552799859827577400e+00
5.390100860548026063e+00
3.008136210247330578e+00
4.665703425558661799e+00
-3.358439692043462266e+00
-3.217603433829455906e+00
2.507117653385080303e+00
-2.358599241522913170e-01
7.820418864565130690e-01
1.762012509130425064e+00
2.242612167123191558e+00
-1.097080759826894736e-01
4.765804658372876368e-01
8.594289298957196177e-01
1.104826754911969466e+00
4.763315457756686633e-01
-1.380936179977645617e+00
3.221619326457301202e+00
-1.112387652310428132e+00
3.682846211576883411e-01
-2.179624734775901906e+00
2.887410657984159634e+00
1.096687847217600265e+00
7.477488233882232382e-01
8.426667362512210713e-02
-1.095897300299378263e-02
1.478871691437422031e+00
-8.773916901472386121e-01
-1.458835618800263134e+00
-6.658664243648908521e-01
-5.728486206843540901e-02
-4.993345345938430407e-02
-9.016002787782753103e-01
2.946345273743786297e+00
1.975664255417106885e+00
-1.364091259341484674e+00
-6.897490759671441873e-01
6.888162593027479241e-01
1.275171078057981411e-01
-1.855195262007812429e-02
-2.676062002547716090e-01
3.790687031653197647e-01
2.580670642929095981e-01
1.120824674881951921e+00
-1.128974199648204113e+00
1.500488119936240761e+00
3.524774761810016699e-01
1.062216949814933642e+00
3.508822864757943361e+00
-5.018429032714205595e-01
2.966424100945076470e-01
1.018818185520494746e-01
4.361993645491865079e-01
5.015394187834579798e-01
4.743238926843331704e-01
1.500457516356664023e+00
1.697341634364607499e-01
-1.461645558047474314e+00
8.173819321262340010e-01
-5.865006928872288361e-01
3.963653997556766950e-01
4.147834582744013288e-01
-4.302961481129824461e-01
1.692889280560896936e-01
6.669995949671131408e-01
-6.213726706960601143e-02
-3.316456594417401260e-01
-1.587222452844401221e+00
3.544342608708938025e-01
2.499940269362010137e-01
4.239398194565588418e-01
-5.189671357966462173e-01
-8.634708526136036788e-01
5.973081619878316539e-01
-1.023484411682488826e+00
-3.152116577577423473e-01
-6.579882022361848160e-01
1.255183354125730455e+00
3.701342905139795025e-01
-2.274324305362730170e-01
1.260156063975106822e+00
3.270548499929308406e+00
1.215008065400819959e+00
-6.180024066455198639e-01
3.807163306217925536e-01
-1.022968543843154388e+00
2.249589651744388963e+00
1.312375382277832125e+00
5.539091376370177677e-01
1.748580962083712276e+00
1.179741470098334410e+00
-6.223450419291352148e-02
1.216679125106141068e+00
1.923641449543870063e+00
1.944237252665908189e+00
-8.268042437153454216e+00
1.303843190004619679e+00
1.289709476648517761e+00
-1.129050468066469387e-01
5.893481263998018305e-01
-2.955568565401904824e-01
1.746923993370239847e+00
1.297013363369806882e+00
7.634990964005790026e-01
3.752082905495780774e-02
3.424955643994209264e+00
2.631138049605586282e+00
3.566585658618465215e-02
1.412692205288903491e+00
-6.709968968438473347e+00
6.195399498553499917e-01
1.100941319783524941e+00
-1.233172482604982134e+00
2.652488446734967836e-02
9.323609871467207766e-01
-2.074928470402694625e-01
-1.568243521835133603e+00
-7.911259048779233360e-01
-1.815268435601846031e+00
-5.496970136125727269e-01
-3.917135466876897065e-01
-6.388573115058566732e-01
-1.686049897120434515e+00
2.925603804112115736e+00
-4.216733493421470413e+00
-1.564596031952468103e+00
-2.050225280703579678e+00
-7.076977209574130123e-01
-5.080517802622267487e-01
-7.562939858175803387e-01
-1.808447425017603916e+00
-3.077209373685327876e-01
2.768801056728778520e-01
4.089874700333759883e+00
1.225197592652989415e-01
-3.829132986501206370e-01
-1.763715260037283239e-01
-6.893784665193945782e-02
-1.567722883848756021e+00
-3.695305073383367001e-01
6.380057812420272256e-01
-5.904010632106193590e-01
-1.264300532375581154e+00
-1.859833600336199488e+00
-1.185645496882464442e-02
-3.946581997727475755e-01
-2.549486782225126036e-01
2.614635109450526240e+00
-6.709179483782460318e-01
-5.367196096268780359e-01
-1.684541729935614462e+00
-5.483785229007748230e-01
-4.578025305190027566e-02
-7.007582866100222629e-01
-1.289133033076326651e+00
-3.756919454134171055e+00
5.917570958913206169e+00
4.024938304210781581e+00
-1.110667948074181011e+00
6.433571589633069188e-01
-7.972851171931621961e-01
2.039464270616451191e-01
-1.860058540122183857e+00
1.121161220415541004e+00
-9.852800247757260710e-01
1.997610170149509479e+00
-1.918007318655613469e+00
-2.653272657749677244e+00
-1.351395516864782653e+00
-1.683744406508438374e+00
4.701248084003714633e-01
1.838886166823519908e+00
-2.192739479530219970e+00
2.227289154077675803e+00
-4.166405157611382526e-01
2.876095212876506046e-01
-2.347694814866748025e+00
1.200865102274786933e+00
-2.771870729730733229e-01
2.752665972253494520e+00
-2.478760911217845198e-01
1.795666636485627299e+00
-1.496440612751578136e+00
4.356195987142872816e+00
-4.784265705055351425e+00
4.361398349716861134e+00
4.155305111774683979e+00
2.386945838374468831e+00
2.908467765189149734e+00
2.673935595738111903e+00
2.552799859827577400e+00
5.390100860548026063e+00
3.008136210247330578e+00
4.665703425558661799e+00
-3.358439692043462266e+00
-3.217603433829455906e+00
2.507117653385080303e+00
-2.358599241522913170e-01
7.820418864565130690e-01
1.762012509130425064e+00
2.242612167123191558e+00
-1.097080759826894736e-01
4.765804658372876368e-01
8.594289298957196177e-01
1.104826754911969466e+00
4.763315457756686633e-01
-1.380936179977645617e+00
3.221619326457301202e+00
-1.112387652310428132e+00
3.682846211576883411e-01
-2.179624734775901906e+00
2.887410657984159634e+00
1.096687847217600265e+00
7.477488233882232382e-01
8.426667362512210713e-02
-1.095897300299378263e-02
1.478871691437422031e+00
-8.773916901472386121e-01
-1.458835618800263134e+00
-6.658664243648908521e-01
-5.728486206843540901e-02
-4.993345345938430407e-02
-9.016002787782753103e-01
2.946345273743786297e+00
1.975664255417106885e+00
-1.364091259341484674e+00
-6.897490759671441873e-01
6.888162593027479241e-01
1.275171078057981411e-01
-1.855195262007812429e-02
-2.676062002547716090e-01
3.790687031653197647e-01
2.580670642929095981e-01
1.120824674881951921e+00
-1.128974199648204113e+00
1.500488119936240761e+00
3.524774761810016699e-01
1.062216949814933642e+00
3.508822864757943361e+00
-5.018429032714205595e-01
2.966424100945076470e-01
1.018818185520494746e-01
4.361993645491865079e-01
5.015394187834579798e-01
4.743238926843331704e-01
1.500457516356664023e+00
1.697341634364607499e-01
-1.461645558047474314e+00
8.173819321262340010e-01
-5.865006928872288361e-01
3.963653997556766950e-01
4.147834582744013288e-01
-4.302961481129824461e-01
1.692889280560896936e-01
6.669995949671131408e-01
-6.213726706960601143e-02
-3.316456594417401260e-01
-1.587222452844401221e+00
3.544342608708938025e-01
2.499940269362010137e-01
4.239398194565588418e-01
-5.189671357966462173e-01
-8.634708526136036788e-01
5.973081619878316539e-01
-1.023484411682488826e+00
-3.152116577577423473e-01
-6.579882022361848160e-01
1.255183354125730455e+00
3.701342905139795025e-01
-2.274324305362730170e-01
1.260156063975106822e+00
3.270548499929308406e+00
1.215008065400819959e+00
-6.180024066455198639e-01
3.807163306217925536e-01
-1.022968543843154388e+00
2.249589651744388963e+00
1.312375382277832125e+00
5.539091376370177677e-01
1.748580962083712276e+00
1.179741470098334410e+00
-6.223450419291352148e-02
1.216679125106141068e+00
1.923641449543870063e+00
1.944237252665908189e+00
-8.268042437153454216e+00
1.303843190004619679e+00
1.289709476648517761e+00
-1.129050468066469387e-01
5.893481263998018305e-01
-2.955568565401904824e-01
1.746923993370239847e+00
1.297013363369806882e+00
7.634990964005790026e-01
3.752082905495780774e-02
3.424955643994209264e+00
